$ 1 0.000005 10.20027730826997 45 5 50
t 368 288 400 288 0 1 -0.3848286923899247 0.6044947531416999 80
r 336 112 336 288 0 100000
w 336 112 400 112 0
r 400 112 400 224 0 1000
w 400 304 400 352 0
t 512 224 560 224 0 1 -0.17334157230232772 0.6080203016448021 100
w 400 272 400 224 0
w 560 240 560 352 0
w 368 288 336 288 0
R 256 112 192 112 0 0 40 2.4 0 0 0.5
g 400 352 400 384 0
c 336 288 256 288 0 0.000001 0.6053437616837583
R 256 288 176 288 0 1 200 0.001 0 0 0.5
g 560 352 560 384 0
w 512 112 560 112 0
r 560 112 560 208 0 1000
c 400 224 512 224 0 0.000001 0.3813031438868224
w 400 112 512 112 0
r 512 112 512 224 0 100000
c 560 208 624 208 0 0.000001 6.170386424031449e-11
r 256 288 256 112 0 10000
w 256 112 336 112 0
O 624 208 672 208 0
b 126 226 239 361 0
x 156 326 187 329 4 12 Micro
b 320 96 438 413 0
b 480 95 578 413 0
x 284 326 300 329 4 12 C1
x 449 256 465 259 4 12 C2
x 596 240 612 243 4 12 C3
x 269 176 285 179 4 12 R1
x 350 179 366 182 4 12 R2
x 413 151 429 154 4 12 R3
x 481 152 497 155 4 12 R4
x 580 146 596 149 4 12 R5
x 529 249 544 252 4 12 T2
x 370 320 385 323 4 12 T1
o 12 64 0 4613 4.095987059741402 0.00024069858264249736 0 2 22 0
o 12 64 0 4610 0.0048828125 0.0015625 1 2 12 3
o 22 64 0 4610 5 0.1 2 1
